700672
701794
700342
702752
702314
701098
703752
700359
700931
700318
702360
703698
700373
700232
703381
700233
633026
637892
642544
664529
634431
600617
666666
682110
626632
625662
677637
688587
687212
688416
665253
602305
626743
683895
615174
610714
679833
655535
624720
623401
681854
653438
610256
638846
612937
673643
672909
618160
616348
627908
620395
619249
613626
656486
653109
611546
699270
658635
696912
697639
611784
600967
614123
682489
620655
690000
639954
684710
692675
629838
613981
685750
603342
624260
620951
685720
628007
659851
660393
640345
683015
643477
608183
641816
694680
601022
606582
624408
625614
614493
621943
678512
629386
650609
631089
605226
682587
625345
642559
663054
613712
637552
620996
607497
673523
618603
601504
615545
630655
602381
694871
608073
662358
673754
601181
659656
616067
645148
610923
611013
685588
665045
684414
611352
679832
615804
622108
609496
656122
660545
603117
600234
636535
624110
629116
686274
613790
672545
670715
629795
640841
677716
680539
632868
645134
673605
674900
653006
675569
699136
690520
600442
699921
687899
682941
687245
622888
615832
681320
697064
696123
679608
655983
684445
680057
642299
636275
606069
648222
695302
601435
695359
632516
633496
662850
687014
690003
686763
668809
602532
668400
623124
673083
616238
626335
639682
608805
689713
607133
634422
635024
619706
643324
662180
619689
620237
631144
675210
630955
619421
613982
617309
684993
651307
663184
694683
658683
633050
673870
669743
613318
665029
614974
609939
637563
647147
602236
624287
685777
602284
673132
647508
659846
608207
618826
631157
632689
681920
617342
698503
641221
620585
629662
622102
677513
600444
691217
608478
620931
673026
699115
605044
682988
680911
639234
676073
603879
631991
601725
616089
605732
664221
627292
689119
603475
603231
620437
676119
647736
619036
608374
635709
631151
677401
630564
668058
676536
604750
682016
615686
656942
675797
646185
609879
611099
626787
604488
682482
689701
658129
648999
693934
600595
671595
612762
693251
673684
649721
698845
676093
605318
628243
623997
628053
603716
603294
600711
627701
679575
619157
601047
645613
644560
683081
653620
633884
695205
685065
660594
607678
613029
656157
614260
600582
605163
649413
682682
687862
640269
674954
640837
685611
675206
603647
673352
690868
673369
636919
668900
699137
619774
609391
654179
610479
624622
641678
677740
644479
652386
662847
622787
629967
665448
610557
662860
669018
674798
694595
657994
648832
625557
605965
675183
612506
654516
606294
682171
688402
605130
617519
668941
644146
668893
638462
607382
691276
656087
673594
606079
685635
623007
616513
639920
606114
673375
620548
611532
680956
649662
699455
684707
613926
611990
623836
613870
607466
604737
631418
628245
622531
651854
636951
616387
601061
651895
656699
624396
649208
662455
607053
606255
681121
656698
626697
622037
608473
616771
649446
631025
688417
673349
691144
680626
628330
685846
627943
615828
663770
615566
630424
680781
671129
686625
615756
679726
672418
603178
699147
698829
682552
611857
602963
677517
613420
675322
613681
626257
622725
665829
667946
651792
678146
665624
612460
643540
604897
646494
662921
682532
645927
685656
629996
694778
631479
644233
614628
636524
696307
655261
600960
682492
681963
604468
694069
645932
655708
691510
682455
614186
669549
675274
613885
647685
662924
625203
659998
676845
668897
662696
634545
665643
604659
666147
656668
606247
632626
607085
627152
670259
624097
608515
687048
672841
683417
620565
651808
606888
680187
610616
673992
686657
610505
682681
620375
685695
648675
627578
622303
695358
637391
625525
603258
605431
603602
662857
619741
648395
603141
678751
620679
630957
608963
634378
628011
625200
683893
629251
688027
696169
687328
632090
625968
676382
682555
684747
657722
609497
627837
647440
627988
603458
628703
673786
620309
660564
681245
681454
618005
608238
688409
614292
698696
619488
644331
679225
609028
662412
664894
668392
635802
611183
606270
680365
611024
637895
604394
665629
657129
691461
602156
608881
603944
671078
607342
621859
613415
684443
680785
673610
634341
626750
619454
673853
690800
648659
656386
682893
614523
683550
695996
671130
680184
617425
626079
649061
613668
617508
634006
656450
686265
687473
629427
694697
647400
626068
658473
698365
664503
690933
639026
608947
697949
650023
674657
645175
649040
613971
628225
616193
603080
683734
603849
644995
641829
662925
657995
622045
691576
622495
682441
608035
681729
640431
601559
681804
624274
630032
619266
680142
609593
613591
645076
602259
649420
666751
617080
635741
625652
623334
676329
617765
673037
603438
682888
689566
691359
605342
617741
644790
630448
625972
691453
689691
625559
699176
684815
694469
626378
679760
641295
609430
679505
667628
649137
650310
695090
697886
672726
611025
621717
644581
622280
620836
603657
677675
663569
680904
611662
639681
627546
684865
693250
615994
608830
633415
614024
604658
660408
618967
679953
629216
629643
690599
687437
629064
623190
677914
680004
625471
637363
690367
699450
692450
665139
613028
620890
684793
686329
680344
614324
630996
613723
655486
609641
628844
686762
620089
610596
629664
699248
673372
663306
612368
607202
677621
625084
643455
621446
656273
601360
628984
635406
617394
681770
642653
687782
658134
646256
620294
688408
640357
607529
692904
604983
615975
649603
618865
646123
643458
606416
620573
622975
620359
656088
607384
608083
669658
605493
617853
618041
691459
678418
606182
633831
678508
606183
603578
661013
656482
622956
685638
617838
609566
649462
687851
694262
634430
627293
603114
673354
627242
602405
603364
641602
634410
603331
693543
666771
674502
662908
661828
626661
681553
673505
679093
614627
637338
602373
694958
663231
632214
634224
609886
630043
675883
629648
634516
568426
527285
569152
561712
577493
530364
592582
508084
516705
536367
515192
510052
525467
502898
571572
589961
553571
551415
532203
589531
538912
536972
507789
545894
576630
570138
514646
566727
536932
579692
572068
540348
521886
511663
541787
532124
561584
580796
536095
508319
570976
577733
591353
588420
579992
553390
508351
555896
571177
580221
515441
539243
563726
561520
542771
504885
540287
590520
585365
565292
528932
513009
572511
574885
556707
556234
583650
520462
536644
509282
583403
520761
557525
578819
545420
566708
540393
561574
507050
503140
592292
567486
592840
545503
501799
572346
589243
592599
536512
505756
597006
542005
566777
524119
508607
520945
523611
568463
535632
523267
591223
595738
595419
568482
533048
535427
592773
562906
513405
578997
584340
588412
540595
534913
508297
594480
585955
545725
582839
511043
538191
543206
569017
536482
512305
543977
519960
561700
511427
568492
547111
575736
540091
568487
534528
511488
588766
585170
536879
528123
556815
515429
564502
508511
511436
565631
577556
587426
529011
573581
529524
574260
588253
518711
542706
581591
527843
538436
518378
570145
599055
588012
594685
596005
569855
503029
541815
550398
529885
502992
593095
591606
513403
538882
523199
530515
535985
567750
536481
521000
509540
573361
514661
586881
519744
516785
567217
533504
563249
510724
530413
547529
568785
563479
509711
590357
533492
514636
509329
505523
597363
504758
592983
503887
588773
527211
512228
502896
551519
508509
560560
585526
593026
567811
567785
535346
591779
518344
550394
520724
503224
576127
542946
593236
502820
542576
570340
591682
500177
562953
593974
535888
507460
586858
543036
566409
516311
596007
581586
580497
584978
572594
587425
559662
557551
515793
535223
575726
564517
527723
514886
535384
522993
529444
587653
577468
525406
567015
539895
596634
590490
566376
556206
533150
527267
529007
515805
527537
592715
519019
539151
597407
510614
549831
585132
589264
532475
567975
529130
524726
592873
543552
503767
573166
503139
595407
593431
561112
576113
531434
559015
531862
548484
558936
511048
519017
570997
568562
550302
587259
588777
515039
590157
598944
510732
566787
567937
599615
554491
564238
515773
535766
562160
510742
551453
507289
559917
538951
545286
551373
501760
527111
565962
516025
594402
528219
524931
562955
535256
561256
558516
541625
547906
579596
584216
503755
577121
517245
527817
540057
562739
506687
599952
593842
576235
522159
581525
512299
562903
561963
596002
593298
570989
546481
595347
534935
506840
529929
567947
583585
527719
588597
507771
538611
510046
503144
590916
593011
542381
586997
593954
566622
593297
589162
575520
500896
591440
594024
512288
561657
586583
536905
520980
554047
517836
570132
561399
552534
578623
593988
586860
538650
567283
584740
560141
558417
510051
531296
521955
590158
545977
571173
574184
531404
593024
593323
518710
536372
524922
558326
558400
536358
571601
574298
527431
551669
596229
556264
578888
590991
545229
588030
599482
503564
557523
527291
578321
522356
596545
566255
543281
593326
518845
541741
592963
578155
596980
588744
512570
506610
595179
504155
515762
526750
567638
594434
551119
578381
501999
586836
596021
585991
556852
514726
592084
540572
503128
515811
588618
504466
500168
537661
521259
529942
583143
506951
573763
545545
563029
507061
508742
528549
526555
588607
567805
586843
566853
573844
523291
533139
593785
560990
595486
532120
525456
578267
590724
581092
573220
501766
516488
547062
556508
536620
567137
568005
510071
537985
565913
559236
505005
564535
561405
573469
541869
571408
550046
536614
521526
585008
567796
563919
512500
542175
534940
580433
557312
592045
589572
582988
534905
527879
566062
524145
556725
533553
566908
580935
587212
576120
576482
545992
506439
525941
585419
564799
570683
599034
587971
544578
575773
552483
589455
585964
510227
573519
534436
541061
575778
545080
591385
571465
570119
539843
538086
563558
547676
535702
582958
555399
599514
510417
538544
538116
575997
561100
520223
522083
568824
589536
592565
586825
568540
591731
503798
547704
529467
540288
565874
553026
500099
568901
523406
545255
575087
545490
542596
536904
562205
506323
561086
560274
507045
559685
504458
580535
527420
590229
563703
594160
590497
542004
547277
559070
566572
520217
588815
557534
521193
510441
574979
588474
592350
513100
578698
571197
586945
508419
574727
584602
579756
548069
557950
510081
577283
564305
544647
582705
547257
526076
587130
509172
547629
554403
511648
530381
590110
520447
592927
583003
535945
582979
524812
532229
580801
593970
577317
583253
567151
519090
571915
542456
581987
562838
592844
551238
558865
582126
544304
598225
504472
587633
560980
563530
509343
514905
516074
560378
587671
570088
555847
519604
530684
536864
568541
530472
589802
594061
545652
536171
562034
501188
560237
540837
574032
566494
510926
501739
560642
575229
514018
593835
515960
575267
589004
593808
558088
574405
599728
591685
599873
569018
591611
594708
558562
536451
578293
530853
532870
553791
502000
584037
554513
573845
580981
553145
579222
540551
568438
590959
595882
573470
594657
569156
559928
545303
540172
515468
525818
558645
556658
578296
541884
589457
548397
536183
542770
518512
502104
529445
520509
535377
544473
517549
565658
573467
540032
529985
567731
561385
583238
564353
538171
503168
574675
577661
543831
544220
545807
554335
507839
539865
594433
575408
567230
573252
572938
578664
500567
586854
557958
577896
542588
581265
573737
567771
595769
563832
587097
568681
573447
568496
550050
596377
547266
526183
586147
507387
584878
577428
545824
583550
585836
577632
540392
567757
506707
567729
521870
574232
535352
596964
596201
588913
593773
510074
589045
535965
582340
551180
531053
593184
588907
593293
599405
520221
503989
524600
592889
545205
514678
577946
506156
510168
588651
525407
517904
593355
583135
595911
525793
588417
561114
596837
545573
585031
593209
598804
543135
533503
534773
578824
529183
524602
557567
514663
562037
501493
515926
514770
574279
540394
551227
536163
555890
536992
524052
507766
538638
586374
540809
514647
572586
589914
509443
508781
590410
575338
586316
519984
539623
577565
593949
545590
503771
548136
538216
589674
599309
508301
553822
518448
551471
584224
586615
520319
593813
573891
594723
536638
501977
591935
581972
511917
594378
589128
592784
585867
564087
549732
542681
538176
575522
511437
575282
574293
590626
568169
424571
459076
460615
445441
475304
478881
489688
439676
472144
400050
400653
462598
484405
487430
443343
480301
412052
498899
404471
448857
427250
467555
490478
463634
434320
430385
486638
499131
451608
473139
452559
410901
461821
412874
465941
488555
496031
429448
448747
481198
432991
431775
498067
480418
412166
401756
455167
474101
419828
481008
466232
499332
415689
451990
475559
480638
489935
429680
495364
412509
475702
454614
435986
480417
458891
428197
485764
455648
476421
495546
410862
409972
497611
423809
493934
487087
413232
449690
474416
490813
499906
461894
428813
436950
414259
417612
456667
429929
488973
477897
465137
466896
474351
492295
438301
490754
418070
413342
443531
469425
472823
492484
421104
418407
410815
487744
483795
440884
428200
489892
420235
422361
466492
412475
415739
490740
405237
409828
453730
487566
461824
432100
427119
409860
431405
450066
480569
485997
491131
430121
465515
442692
409161
438466
416802
461724
436959
471851
469753
455939
404403
400277
446831
488992
464017
457095
471866
444357
453879
493381
474052
412223
460591
444484
473765
451306
450531
428646
469794
489972
411250
467451
498982
406841
466293
485469
406482
404516
465337
429584
454322
407337
470669
429749
444798
422968
431769
493945
414837
404572
455403
417605
430386
416685
420603
437903
423410
447369
498124
444024
429176
489446
401195
446199
406309
402841
499896
447219
448959
493903
495788
400064
484592
405528
405290
474391
408976
487374
454313
401704
449991
412570
461553
400057
478943
433628
450625
416913
419270
412750
442987
428852
455824
452690
490282
449072
465631
401966
410709
496230
410285
435832
400391
409524
475505
497135
412430
450799
438487
401667
415510
419659
483796
481987
445891
467812
410048
484674
491989
428680
483469
499764
440664
414348
474901
431510
472956
438491
410599
467040
470393
460891
417952
403292
491008
470379
499219
402221
421629
417576
412813
484596
494611
480093
411757
464587
414362
424329
497105
419769
409969
427251
429286
466581
440133
483119
407925
440874
413398
425037
492487
471964
448889
404498
406506
446896
450226
467516
435203
473100
400386
454368
484787
400956
499322
489685
481007
486900
431310
483559
477814
415325
428835
412341
413075
490666
460097
423330
475260
457080
431467
495821
443770
432539
420800
477423
491863
480304
484095
442972
464985
490334
455532
430284
474001
460133
481004
436435
443431
467572
429433
417782
471849
454179
467233
486788
444251
429106
443048
486199
477156
428673
435985
452841
424547
453038
436626
436104
480241
432933
495240
460765
404888
465635
413874
411351
411749
446826
447645
449261
431770
493357
499464
423842
478770
482840
453363
476083
489180
462716
431321
488598
474072
449452
431872
477601
418091
472589
400397
499323
477529
431466
448761
495497
437368
471463
478938
499174
411548
448625
481868
495120
497117
483565
497220
441921
424374
412092
484710
474682
447272
464479
475153
456996
466243
485977
404594
499741
401773
466622
412164
401109
423667
496016
470531
469400
464955
466190
459726
452921
458751
464951
412376
442009
499222
406526
495023
451283
442935
408570
482510
487030
487583
413271
457546
436548
461698
484408
454504
415628
461965
435869
472522
448159
444254
463051
444264
466182
444218
473099
494003
478806
471842
442123
478646
478485
448971
432576
477020
451197
416174
492120
499319
497031
489684
472753
459761
451022
461644
465661
445808
479045
477449
480877
482023
486723
423492
481725
462240
498193
436565
431318
412202
485558
430387
477152
457862
466474
415032
459046
479796
401160
403804
406659
442781
412162
496614
450709
451979
438892
493924
429153
477401
438522
483775
495076
486120
485489
494757
403506
447046
417757
474567
479578
438990
443046
418761
477849
400661
401252
421711
477514
404570
499979
401104
410110
446709
477592
485277
439918
436036
405820
453938
400767
410413
439964
426785
431740
415577
488895
430306
473125
466094
460491
416478
426158
478903
430122
447044
435458
429287
456934
479533
415668
447335
448087
409803
406728
446654
457063
436151
411254
410292
471059
446293
429998
461540
431756
414127
441464
463064
400915
482591
477606
410878
417706
436296
492488
479805
487231
453158
434785
430607
461786
400792
479590
448760
499198
469337
400399
440581
490423
482494
420946
458871
494132
424700
400646
417819
458249
465485
401118
435357
409810
435692
451987
448144
495983
433808
406596
412482
441465
428829
467537
439000
487580
414284
492038
478760
476973
484597
414426
492576
417764
473863
466635
473108
480609
414725
409851
461616
427957
418876
482811
411551
436862
422873
410388
453285
447616
487741
429905
478516
442047
440016
443059
348380
383568
384126
322738
396630
323224
300013
371627
393406
355045
393625
360447
381841
360910
338970
387685
390803
355766
399232
318553
365969
329690
350587
384153
398291
382102
389458
359173
372705
360235
370515
395034
395848
370715
302302
395227
355856
374010
366085
355821
363729
309684
380422
345092
359754
331258
348775
358879
357124
358800
372706
311463
378388
346815
360113
360117
378752
301510
305827
303841
310688
370821
351914
305978
352662
349901
347331
381039
377688
378574
376459
383101
367455
300036
386565
339378
352136
383258
304806
306047
399510
395700
359528
392826
342310
356401
390591
398525
349204
331099
357802
381074
381569
332449
301137
397603
342278
334493
362125
370707
385854
303464
352591
305973
306876
334986
383939
353322
377853
314920
384184
392959
316183
386065
333328
323194
343980
397735
304289
359974
331485
340295
390495
341032
349824
341539
370109
399084
372049
383823
329396
370152
362041
374394
319439
360581
338690
318204
359815
359577
317513
387418
344961
387863
334100
304063
364637
361502
381043
310832
373952
334661
304822
301135
325129
344712
364761
355229
311727
352586
331782
395161
304171
359144
333966
347700
303118
382269
352178
358111
302397
358213
311083
394889
389121
399555
325522
334389
381518
306029
307130
304727
395647
399308
377407
359850
367479
364770
304136
378351
330897
328586
326755
347016
380464
355888
373889
362401
364406
381623
346864
355788
360524
388944
305945
375362
323291
360481
360189
359483
349613
320713
367484
357338
361548
318160
354110
359920
349736
354903
339211
365352
376643
377422
330741
307163
349654
303128
306969
305244
333908
349365
392589
398191
333780
319673
350674
315573
391141
392178
397350
372815
301112
362999
341978
360572
371138
367764
391552
358922
378517
323310
304198
380132
397286
342219
301534
391131
361635
373734
378283
352115
301124
399287
305215
383145
358133
333917
302390
356684
367108
386420
314027
395347
354302
325136
304067
388673
303987
389042
393395
332531
383701
392956
357115
399367
373449
394069
303397
357122
395852
352097
360569
373179
332396
397934
355398
355849
305019
300798
372349
302288
353422
380370
395069
303145
378400
360749
386038
377624
343406
303796
302955
322390
359244
335050
304879
363595
387217
359052
398890
359040
324416
372873
317584
363003
335594
398653
361554
341616
372876
399694
303106
377424
364910
357543
358296
372271
398936
387436
379793
399307
360239
397109
347702
391427
358196
366216
354800
350842
357761
372715
354904
395924
395983
392276
387376
376994
304057
369109
354486
365849
335177
369890
328264
306062
355104
368631
373660
300624
397187
373659
316997
350633
328215
303785
376658
347478
399115
324789
395272
354200
359049
387283
316844
346894
393111
355833
394989
390952
328192
327983
306048
321761
323271
311458
346892
369429
342922
360495
392506
351503
352306
310551
331408
325140
360803
367541
321575
350415
399351
378453
364783
390114
380143
351876
349928
369703
301257
369365
371502
393340
369826
303908
334963
360977
365496
368376
342410
325825
399411
353940
351009
379475
304902
392130
359531
362547
321644
311143
360621
307281
356432
360473
360502
352118
361299
352030
308101
363826
305889
359053
315853
354929
355694
377349
332241
349939
385426
396385
396369
397027
324233
352952
317598
359251
355884
376641
384078
317160
364396
338857
362542
395641
340606
378359
398645
382053
365677
347832
347392
383162
315113
369778
342317
378554
395574
351874
392794
357320
391517
363947
333819
387220
354656
347317
349626
355313
347906
360418
367477
377596
333516
346040
334956
396039
308123
303892
323225
337198
330593
332398
352388
372900
391426
362967
339879
394961
336334
327684
303713
304196
365259
372468
310249
390063
333941
351180
369623
334235
322863
394749
306877
378426
364724
349483
306890
302253
350450
355016
398227
305298
383570
343263
353160
377233
372211
331046
368829
364369
357913
358179
334835
304248
397085
390848
331430
321772
391554
348796
362557
303428
343150
369367
353355
329809
383161
397998
390560
306439
337558
328432
358793
356751
377414
357260
303492
306967
347515
399883
353236
382299
308168
367473
346325
348496
391326
309691
334934
337137
373425
394458
323880
355787
337747
341374
318219
378464
393257
358821
351658
314911
333321
371493
374786
377677
360889
367472
348012
380979
370002
399657
352019
347131
352732
303112
383773
360497
397876
311882
399793
398636
324265
399942
386343
377535
374275
362283
398894
358512
387844
354905
395312
348507
392064
321706
389832
326122
324420
361245
393054
322405
358888
342305
397868
360212
331915
385215
387783
334025
272973
289036
246777
258420
224392
284158
206238
239572
290207
284985
265361
204486
204423
262045
208884
236228
204298
229095
225061
272991
209295
208845
282277
248419
246453
238999
241644
228349
293622
287578
236865
287911
287816
227708
239601
293429
236065
239366
271935
291035
248848
284412
259463
207523
294008
247798
282111
265461
265516
233536
229304
260324
275378
271390
280294
226164
266682
263701
228589
212156
257076
204619
211624
211645
263691
240395
217935
263271
226921
293863
231972
209177
245897
218302
203069
274594
201696
267093
271605
274473
225812
263147
221325
260004
216812
249111
227017
204707
276585
215099
288290
283844
235998
222999
245936
256553
283954
261967
292571
203011
222179
259506
254802
255305
279563
218304
254375
240315
288853
284454
242723
295804
244773
270909
285165
263721
200888
202908
262568
226310
202748
287576
211983
243246
255918
282602
209744
228337
238096
263103
242980
215988
279526
233300
253058
297476
208286
255560
252457
252694
253131
289263
264460
222038
231667
248764
215176
235817
280090
200259
294691
267658
227743
258064
251647
206918
274217
238419
259917
220424
291234
265632
227802
254629
256845
229329
248291
217872
205402
289453
212206
285229
260125
243139
258087
248850
217875
265423
249147
285018
253207
214230
278806
203660
212214
257573
265842
279978
261844
291000
232307
260630
227618
209141
230177
264581
232425
223955
209161
258437
293616
253278
265467
293366
278376
234340
255034
218600
211181
211149
248295
240506
231191
212014
227231
281079
288491
289226
248507
234262
283756
232034
252857
203109
254090
208789
244527
290977
208379
254039
217552
242875
258290
218807
215285
215362
261413
256688
204975
207394
200884
212965
203145
226715
263709
220212
241943
202809
248849
221217
245342
212071
200092
207998
200198
210132
213467
236490
215700
265215
243281
229267
276747
243230
263676
247769
211106
228750
230291
210194
228961
255618
243948
262316
213691
216886
242968
243259
209073
216854
261960
246639
217288
236194
289248
248242
240415
227147
244774
277178
279834
248193
232870
208997
239970
244500
209164
257227
274179
226696
287656
212205
230174
260449
294932
222096
289499
220364
288034
240127
204665
228843
263781
293773
228991
201688
212013
254404
289500
202900
280134
290816
222915
226820
270819
203419
287886
240011
236447
257225
239401
215077
278696
241543
211070
218959
274302
263381
215701
213715
205673
203198
290452
207643
202829
249673
224553
214987
221805
274744
271561
248742
201502
277433
228837
252983
264672
224052
236614
210703
273259
268924
203874
238800
275795
277466
231288
242466
289690
275248
279040
269649
248641
228801
277191
219264
223896
244007
202856
214237
223222
265402
202817
240857
285545
207567
243210
272056
258221
215783
232608
271634
206492
239207
200064
242785
243046
262539
292169
258654
264984
237179
239018
251552
283509
286517
259545
239130
258225
253643
273897
203063
209279
295519
210020
254754
252697
237180
219961
287994
213756
211203
236378
254765
215088
209083
262643
285627
266899
274624
221222
212401
234092
223207
234982
287305
219017
287419
264194
297018
207520
274684
288218
281762
240219
232604
202913
289604
243215
222619
281086
291798
237958
278803
251314
212027
243399
261668
271895
227028
258386
269179
222224
214162
257515
289932
242624
258465
285942
253116
229261
210048
240125
203031
243354
273221
290225
202028
290142
269180
285991
222173
207028
209340
290883
230300
211159
281205
283807
264755
277807
291175
274331
289198
260251
222978
205318
278014
276667
204780
264893
266672
223895
283454
211830
257846
227751
253265
238120
227052
280186
281937
265465
256807
229837
224434
243389
292023
296526
286455
205431
210998
282062
270387
272985
202771
220120
275785
236162
239860
273975
258436
208786
209261
222894
230805
205455
291938
272357
223037
264484
263981
242022
260568
233587
283803
223065
219792
264388
241060
234337
290633
245323
221555
207188
232960
282574
299559
248856
259328
255117
212120
256822
293383
214341
223956
211095
291508
210232
208100
214170
212127
207640
216253
226152
291269
227754
212231
283702
201506
265406
239185
210053
224393
223235
283897
271897
295193
215404
265850
269132
225329
212229
210016
263699
215371
299938
239190
268545
235806
224017
215756
203923
259108
266825
205297
218630
212532
286159
211812
290997
282392
204083
237133
202733
223019
288903
204153
293721
203831
227504
278246
241232
270917
257121
203119
247980
235647
227736
233345
275168
245287
211829
273787
210187
294432
244505
224984
218625
285721
296107
203723
211103
296907
210025
265199
294933
279817
226362
273763
278919
215524
272840
260806
213462
211955
253287
290971
284838
277262
278117
224016
237043
265142
226803
203820
258381
248123
290212
214126
256965
211737
232506
209486
290737
225540
270978
254305
229543
242179
219489
245261
227738
254776
227922
293900
262423
258128
235145
262306
203629
293450
234831
243172
228884
228677
217538
204904
253653
217592
208831
284987
202020
243506
240251
243245
227746
229993
254549
223717
234912
231848
288284
236083
266965
223958
132850
116560
151472
132626
149771
158373
198092
123835
130743
199723
163434
132910
141676
140929
179219
140131
189458
110874
110732
196249
105486
178629
171877
194059
170657
133234
163932
176845
124706
157860
114126
163095
165485
140562
116020
132298
117034
124529
102188
163701
123957
139159
129428
156962
138992
118482
124586
114611
103945
135849
187352
112551
183457
193335
140477
161224
140339
167782
193136
139083
188081
128390
104970
115377
128356
123638
139112
102879
125057
183421
193778
199588
140277
165166
133436
182666
100883
103307
102453
146371
110936
193908
157221
114690
139499
164390
196370
119435
139862
113944
161057
191452
192037
177632
136392
124723
118398
167476
108036
119427
168976
148675
187511
110138
133227
172854
108174
131715
112593
160336
101295
166894
125457
199268
122067
183440
120854
160703
130435
151462
121759
164257
166945
133221
186992
191865
125306
122384
199326
181671
193353
125064
102231
116824
176191
132316
174258
116660
101540
192204
121929
106676
111019
138590
112687
114366
125844
115556
131500
100452
183752
139354
157576
148720
115942
132601
131255
151445
172992
120769
112649
141140
198626
128387
195852
142251
188986
158822
136949
105771
191599
192008
102764
121111
195599
120189
123452
197618
174280
101152
195685
165165
120525
194694
103079
176117
187587
142989
142214
139615
125003
167521
161688
164807
149773
101151
196067
109531
148959
124610
126235
122079
124729
107855
138832
162051
115494
142349
162542
195292
130699
114134
183530
132998
189902
133373
141622
125523
129733
140030
173789
139478
192819
198316
198620
161233
143744
166189
173096
139227
127727
150335
105494
199017
123855
166142
104967
185988
171637
195433
181575
105396
192438
178545
139622
135445
171865
114380
143243
171867
117929
198021
128525
133180
136880
174261
103139
139014
151256
101339
125646
110855
170871
126138
130070
117321
173140
122606
163513
158101
182898
138822
140991
195175
192230
170524
136823
115951
199562
151549
139390
192413
195155
194290
120952
140829
151022
113577
189809
105403
110058
119504
123868
162729
192407
106185
144462
194496
139728
193196
167966
122621
129720
198185
132999
186014
107052
114215
101733
103890
164306
184201
115878
113669
156933
165585
169606
194794
142017
174125
100620
185756
133232
168745
165801
102301
166843
118692
115053
165250
108962
103757
104442
197375
170080
129144
131298
150305
179957
150372
197421
127556
108871
193286
110703
139109
193217
136180
149778
166263
104839
138812
139323
109721
102820
157786
194061
162695
112977
110275
140187
141453
128223
194006
151770
108540
163989
132719
108038
120534
139607
176502
182213
113634
115378
164265
168192
136131
196056
150336
162485
166893
122233
125164
156886
149117
189911
165135
194035
191535
137706
139591
161025
100743
191636
166243
179240
127917
194005
191993
191721
198329
183309
130987
193890
193380
103877
108155
169711
149768
167965
198977
162824
198197
185957
101680
129615
192385
124198
105289
106484
135895
186659
191203
166055
139024
162892
150311
195786
139939
174546
194407
183339
107617
193207
140438
133118
110542
131418
123453
172993
129049
155412
172057
163211
123218
133014
193006
184322
171649
126386
132179
110779
145413
173709
129145
109898
169712
171788
128960
137107
131499
148312
140433
177875
150272
158136
185240
122819
157520
123196
110151
123306
168632
117115
100744
109639
165713
121537
117092
123850
136918
193337
197499
197177
196116
190822
139783
191630
198156
186554
167840
120873
198743
192442
165755
156929
123812
110321
157275
119417
166639
176982
113376
119437
198195
114137
139943
123571
111354
124901
128359
110226
120174
110705
105719
110253
166062
156581
115905
192462
193522
189876
123928
195793
151024
127962
192386
137986
176179
165117
162366
133040
176177
110645
141766
131307
164385
142619
112747
192077
184202
132317
165236
110411
169610
166553
116068
172777
139071
115907
141177
138760
105751
192835
151263
131542
151531
188088
120650
177477
103625
184067
122467
185558
182681
128343
163604
133109
152880
138862
122763
165190
198869
142360
153301
125982
112575
120641
157812
173119
168066
199738
149284
160371
139239
112941
195182
177513
172594
161013
133034
158360
110110
101549
157705
151274
106598
169467
160501
199862
153130
159477
132629
139567
193628
119386
163719
123299
100807
170066
122628
161510
126620
130192
157585
188276
141323
184172
119402
194017
131415
161929
194307
178103
198595
195935
106678
110403
129048
122309
112740
128224
108481
147979
169464
114697
161751
169851
120785
199419
138124
169609
107051
114975
108400
198391
193852
127938
103020
159676
113827
130469
118524
100044
172167
193352
139694
121352
148398
128350
139453
148801
108241
165482
127394
180712
166022
156919
157239
131556
112833
123910
116345
101718
172504
123485
120387
194965
149772
101644
112590
139868
111531
128251
138925
111383
100460
195890
105728
168890
138930
170497
151814
138888
148417
186778
161815
104976
120941
168367
199327
171496
103054
172170
151529
170458
108399
121409
198268
5769
74194
14738
19110
68942
18627
76991
39913
57014
89161
58227
79660
49382
42832
24647
6674
16590
80745
42873
49705
37487
34594
37618
75103
99597
14492
88162
77834
43023
87701
18287
54880
24056
13982
83804
14890
6847
73804
31267
4723
84528
97608
96044
27883
2119
79790
80288
59066
89156
80828
4875
45473
98174
15181
33173
4866
92199
84419
91299
82773
40318
37797
67968
13665
87793
74446
11493
74950
51293
84990
78292
88079
34640
5194
41764
2204
84687
43490
71628
78337
66938
90023
31110
67399
6409
41538
37198
2401
84537
37505
19852
39564
13207
2596
89361
63982
70962
61661
71512
39061
32302
20418
60912
98563
610
24947
64730
60189
79809
33406
76396
67846
25106
10347
60922
68946
48241
64386
89403
92514
90768
59279
70246
14517
57149
4677
81510
91735
85535
37707
10748
42141
99026
9814
73635
7781
39594
46845
72958
86927
74748
68259
64079
79902
42785
43079
5525
77532
4280
94965
14395
17513
79791
79688
39866
94320
86512
38129
82897
21670
77563
63593
89410
85010
85707
26059
20752
57297
16576
89928
5382
80992
86938
12603
63256
5800
18576
73452
77149
41224
67849
91089
97595
34313
7857
32927
61997
97847
65412
57051
17808
15991
1287
80715
37229
84272
51720
2302
25847
32225
26620
71200
38709
87220
80111
82236
68938
34860
43459
15249
71305
97220
89513
28062
33484
23484
66444
88894
73194
34819
61738
23928
69150
61192
32230
94843
83333
55597
41513
4261
61778
77808
7994
25773
79926
68602
85587
58276
97613
75056
19708
14557
63837
16573
74689
43280
32320
8916
14277
6516
10016
43042
33466
61
24489
23069
37085
35996
15246
5268
30622
72444
80222
71457
61963
19721
15229
31108
90241
14730
25087
89130
30463
95752
37702
95174
44136
27847
18349
74390
49553
71430
40092
37657
89133
44239
41414
64443
33481
18447
51086
8925
98387
18434
26165
39112
66203
81602
15545
16872
5235
10813
21182
94060
71092
63369
18690
27022
13647
107
70069
74334
10152
89162
79200
94291
66766
52322
9624
27606
2682
27585
9026
38821
48922
98099
97741
6466
77734
13644
74423
7723
80149
62325
41634
58457
85510
72655
59166
46805
82149
54909
573
32528
24785
58049
58081
75779
77882
54438
81979
35479
4275
23342
41326
78190
29671
88786
24023
31381
77835
19682
12184
37012
29657
35285
71442
36082
69323
87613
37602
86755
74397
51718
77390
86963
59987
63704
4073
53489
91283
49463
51933
75055
473
82869
28940
37660
54444
78300
84227
70631
66703
75186
74140
29097
48608
90251
33488
17896
74184
79686
20763
87680
46952
81896
79522
63922
24999
7577
71110
70654
7794
43439
58094
86026
66902
12537
99738
16339
26194
87960
25032
93215
66274
1651
11807
8493
47231
48822
70244
78998
19385
86311
16219
74175
82316
56219
80736
41156
14130
83756
80871
32371
60623
2122
84024
66130
39037
54679
45836
81891
83429
2323
39065
57978
82409
91327
82581
90772
79586
18711
86080
87748
73642
81071
71443
74380
67440
84885
57949
91856
1609
27114
2646
55950
58452
92933
2837
61116
12635
35046
66001
62095
70931
34833
39045
82302
38975
7643
93446
14165
71581
47738
84200
80410
96152
37162
98509
88448
24949
87969
38134
37172
96976
52864
41134
87694
98519
2010
46830
55319
6227
58346
7688
65854
88627
82859
3820
46754
15410
14168
59281
90667
20295
29218
2962
52561
91265
24129
31572
84240
26027
52569
44702
91704
59108
58166
65349
99750
89760
43017
51225
23471
56898
32028
54406
9719
26321
37283
64526
81540
63673
71852
46929
83338
63637
73560
79802
87004
36979
39109
65232
15474
76934
12349
91324
62592
4599
76313
32794
27122
49067
72833
87140
79956
74866
95286
20791
42852
26117
33431
36479
64553
1679
77831
12674
78815
8761
37169
65948
87792
12804
71965
7835
60440
94966
76989
91347
85573
61743
84555
48673
11522
10939
66002
2313
57420
18230
14352
23358
66823
95949
46949
64717
9982
37479
81706
23222
78999
5524
99380
94711
71550
99823
71087
98655
29735
36121
28917
27371
85975
44252
37325
89485
4196
37594
66961
33269
88013
96695
86924
48318
37278
62261
80863
58882
55237
7037
70087
14227
49289
72888
27848
63487
77067
58691
2621
87915
13257
16785
19467
48745
19808
11592
5345
31796
33683
28918
83826
2468
7635
39089
66916
8672
89303
75144
4917
87660
55040
2339
29269
